-3
11
49
-118
-26
10
123
58
85
15
-57
118
-12
48
-15
-124
-15
-90
-48
18
-2
-49
-79
0
96
33
-107
-3
96
72
-85
52
33
-106
-62
-31
-105
25
92
37
6
-91
13
-67
23
-62
115
-10
-85
-29
2
33
-68
23
-30
-111
50
-43
-30
-110
9
40
-92
50
-95
110
42
-86
88
-72
13
38
-63
-128
-58
-68
122
31
109
48
-126
-85
-114
-28
-33
-128
-41
71
-38
64
-6
-31
71
-79
36
-70
5
79
-103
-5
39
68
-42
-117
-45
-87
32
-16
-65
-56
112
121
69
-97
-64
106
-125
115
-98
-117
35
-56
-121
108
-29
17
-67
67
102
50
47
35
25
-20
-98
-112
104
81
-124
-39
-108
-121
-102
-27
-1
116
-86
70
-94
-3
-114
-122
-50
89
8
-41
47
-48
-101
-47
62
-79
-31
25
54
-90
-40
26
48
-40
22
18
24
18
-109
119
82
-14
72
72
48
7
29
100
71
81
-112
57
-4
10
107
-109
1
-65
83
-34
-5
103
108
-92
126
27
14
90
-100
116
-91
-112
-69
-40
2
111
-33
35
-37
6
37
-12
42
22
6
126
101
-99
48
-2
84
-67
-128
100
85
66
-99
-119
70
89
40
28
108
-84
-50
92
-48
12
-123
66
-128
111
27
70
-127
43
61
62
-111
101
27
6
-37
-26
-22
80
-75
63
-38
-113
112
117
76
117
-52
33
108
-46
-56
-80
-3
72
-63
-79
108
-74
1
-25
-47
115
9
-62
-97
49
102
-108
94
-116
-97
-80
-99
65
-86
102
-3
76
-6
113
-120
106
39
42
58
-100
65
1
91
92
36
83
-60
5
11
45
13
28
-72
100
-38
-36
-92
-122
-77
78
-43
-24
-37
-91
44
16
-22
64
59
-72
10
70
-86
100
-51
-32
-118
72
-83
-88
-57
-76
-79
-49
122
-58
21
-21
13
-91
87
-18
-48
88
-82
60
-42
45
105
-48
-90
29
-103
87
119
101
-118
35
50
-79
5
33
91
124
61
-26
86
20
13
-74
-128
39
-103
-87
13
-80
-95
108
-102
-90
61
-58
-82
-59
-22
-24
-37
-23
-2
110
-49
4
-21
122
-21
81
117
31
100
-108
1
97
-90
-59
68
-112
-32
-79
55
84
-107
-58
120
-68
-95
97
-21
-20
2
-95
32
86
6
29
30
-22
92
91
85
-62
-128
-98
111
-66
-56
36
18
15
36
100
-79
36
8
104
61
29
115
-34
60
121
-72
-52
-26
122
-53
37
70
78
-2
-45
-95
71
-57
92
-46
-71
-57
115
20
-68
102
-31
-114
106
77
25
9
108
-13
7
59
-63
-19
113
-28
-64
102
-23
27
50
118
74
