116
-126
49
71
-34
13
43
-66
-65
43
-97
20
-119
101
-122
-98
-118
104
6
-121
4
44
-121
42
74
-9
-23
115
66
126
16
-63
-6
-73
43
-7
-3
92
35
-7
82
-33
111
46
20
46
-27
-59
-71
96
-109
49
73
83
-111
-118
-104
-126
125
110
-34
-43
-120
92
37
-89
18
-113
-102
-115
37
23
-47
-41
-84
119
-30
-8
113
58
-66
18
-42
-3
-124
71
125
-74
-27
83
-98
34
-84
90
-42
22
-66
-124
-94
-24
27
-94
33
35
48
42
111
117
-86
113
76
-40
113
-122
33
-98
3
-116
-44
10
-51
123
-82
35
97
-25
-110
88
107
116
-24
-30
105
-102
47
39
67
-58
-68
52
-44
32
116
58
-10
83
94
-60
56
-36
-94
-11
-7
75
-7
-77
73
-123
-5
-113
106
-31
118
-25
7
9
33
99
54
-63
-56
43
-113
102
-40
39
-44
-118
78
49
118
26
-36
56
18
-17
-127
-11
-91
26
40
72
-5
4
65
89
-98
3
-123
117
-22
-14
35
55
79
-78
-61
-123
-19
8
-75
95
25
-42
27
43
-64
102
-91
91
-39
-14
90
-92
52
-75
123
-26
-40
37
-15
11
6
105
102
-27
-42
67
-62
-26
-22
41
-46
-125
103
-101
-84
46
-79
-37
54
67
-64
93
30
-18
