-37
-6
77
-25
-113
57
-78
9
-7
92
55
48
-69
-57
53
108
85
-114
51
-81
101
117
-112
-104
104
113
116
72
85
111
68
-109
7
115
-21
96
26
126
-36
-65
107
43
-81
115
98
114
-95
-5
-29
-68
30
92
-118
-45
119
5
-123
73
-120
107
21
80
58
81
121
-49
-114
-97
-50
59
-20
105
19
-10
-83
103
60
-84
120
87
27
106
-14
-94
102
-50
88
73
104
116
53
23
54
-92
-114
-81
70
-56
55
100
-70
-80
-74
99
108
125
-39
-33
-93
-96
106
62
84
-60
84
-16
38
15
-89
34
111
-93
97
-14
119
-44
-13
-102
-78
-55
-115
-69
86
-103
-106
97
110
-114
31
-65
56
-39
126
-43
81
99
78
8
53
-98
42
116
-30
39
-90
-51
-107
-18
92
-111
3
32
-33
-15
-32
99
19
110
-44
25
-111
30
-117
52
55
-96
94
35
97
70
14
68
0
-80
-128
118
-43
-87
68
105
4
-88
120
3
115
-114
-121
25
22
19
-101
96
41
120
28
-56
-27
-15
-85
72
64
11
-125
-8
33
-76
-23
-73
125
-126
-68
-124
75
23
-96
-15
85
-65
107
24
-15
36
-71
-58
108
11
120
34
-125
-93
105
119
5
78
-71
76
44
22
-59
-9
-38
-114
-51
-44
11
70
-52
23
16
-51
124
-72
-127
-59
-80
43
-82
61
-100
-79
31
-70
72
-81
66
120
122
-89
51
-111
-9
-16
-15
-54
48
-3
-17
99
-108
-84
26
99
-50
-91
89
5
-115
77
46
-50
-67
95
-127
32
-50
-55
33
-107
98
-53
-112
85
-121
-16
-120
31
-63
-5
-8
61
19
90
-128
-43
-81
94
123
33
16
22
-47
41
91
27
-106
-18
124
-75
-114
-82
-66
30
64
91
-20
114
-37
96
28
-58
102
-33
39
-34
121
101
-61
-114
-37
15
-66
-65
-99
56
94
-33
71
94
-60
-14
-80
58
23
-29
31
52
-55
124
-94
56
-63
-29
-68
-46
38
-9
98
71
49
84
85
-33
-55
-5
0
-128
-16
-91
-72
95
22
92
-100
21
-6
52
45
111
97
29
-9
-40
64
26
-25
-20
-13
-51
71
-28
113
6
-117
34
-76
-10
-37
-1
46
8
35
-98
-66
66
126
-113
56
106
-127
96
8
-80
37
40
8
-19
32
-117
-43
-35
123
-28
-93
-99
-105
22
-84
-78
-70
-70
-45
114
-128
-80
68
34
-41
-47
60
75
4
-106
-1
-112
-77
33
17
119
-38
122
-17
-104
119
-81
-88
32
-24
122
-126
12
118
72
-83
59
-1
-76
-97
-102
31
19
-122
-57
-34
-109
96
-53
-105
53
21
-19
-83
96
