-113
-95
78
121
-46
-32
5
22
18
-5
-117
10
40
-90
60
-66
-111
-110
-79
-31
-20
93
-1
-1
85
96
96
-72
-32
22
-10
-102
89
9
-7
125
57
110
120
76
-4
8
-71
99
-52
-115
46
-22
105
-1
16
54
21
-12
-112
98
-52
-48
93
125
-44
-49
117
-103
38
72
72
-105
-76
-114
85
-128
-28
-123
-4
-12
-128
-87
110
-102
28
122
-95
-55
-79
-44
56
22
-60
-99
73
-48
70
-52
17
-126
-70
-81
-13
126
88
-70
-88
-32
-84
13
-45
59
-94
24
-127
-97
-74
-78
-125
-104
74
-7
-94
-45
19
59
-37
-22
-107
-42
-96
-107
-86
5
-32
121
73
-68
-47
110
81
-120
-118
-84
-94
-128
12
-110
56
-95
55
63
-101
39
49
-37
10
76
-62
-110
62
-24
-52
124
-35
64
-41
-128
35
96
-94
92
-18
-40
50
94
-20
-66
-22
73
-13
45
-87
30
91
48
99
-51
-112
32
-104
-25
-91
36
102
-53
-107
-103
20
-73
121
76
-124
106
91
105
-86
27
-42
-69
1
-43
-50
-56
93
125
84
32
36
-41
28
57
-106
65
102
-55
-72
-56
125
-35
-79
48
40
-119
113
34
-8
-7
-116
-10
-14
-100
-19
108
-120
87
58
-9
-86
123
-25
-114
38
86
-56
102
75
-28
-63
-23
